9 10 1
0.393 0.193 0.496 0.699 0.030 0.839 0.010 0.388 0.706 0.784
0.747 0.274 0.520 0.891 0.915 0.570 0.381 0.262 0.977 0.511
0.458 1.078 0.859 0.001 0.109 0.804 0.833 0.040 0.666 0.185
1.030 1.242 0.570 0.639 0.494 1.256 0.154 -0.596 1.220 0.350
0.819 -0.156 0.318 0.688 0.860 -0.118 0.702 0.862 0.783 0.195
0.706 0.616 0.515 0.385 0.031 0.603 0.609 0.239 0.438 0.365
0.878 -0.759 0.536 -0.189 1.287 0.102 0.278 0.935 0.310 0.887
0.302 0.560 0.319 0.129 1.142 0.365 0.736 0.232 0.426 0.117
0.886 0.554 0.781 0.665 0.683 0.315 1.007 0.624 0.726 0.700
0.185 0.760 0.187 0.169 0.795 0.952 0.114 0.215 0.682 0.687
1.792 0.134 0.166 0.769 1.672 -0.851 0.243 -1.503 -0.401 -0.338 0.162
